Avatar 2023 10 12 21 00
Avatar 2023 10 13 14 00
Avatar 2023 10 13 19 00
Avatar 2023 10 14 18 00
Avatar 2023 10 15 17 00
Avatar 2023 10 16 15 00
Avatar 2023 10 22 12 00
Avatar 2023 10 23 15 00
Avatar 2023 10 24 15 00
Avatar 2023 10 24 16 00
Avatar 2023 10 25 20 00
Avatar 2023 10 25 21 00
Avatar 2023 10 25 19 00
Avatar 2023 10 26 15 00
Avatar 2023 10 27 10 00
Avatar 2023 10 28 16 00
Avatar 2023 10 29 18 00
Avatar 2023 10 30 21 00
Avatar 2023 10 31 20 00
Avatar 2023 11 1 19 00
Avatar 2023 11 2 20 00
Avatar 2023 11 3 16 00
Avatar 2023 11 5 17 00
Avatar 2023 11 6 18 00
Avatar 2023 11 7 16 00
Avatar 2023 11 10 14 00
Avatar 2023 11 14 15 00